f1_score=0.6024467072009376
precision_score=0.4719384827269597
recall_score=0.8327257999189955
